$ mzn-gecode colDec.mzn g80.dzn -s -Dk=14
v = array1d(1..80 ,[12, 2, 2, 14, 1, 4, 10, 12, 10, 7, 7, 7, 3, 5, 6, 12, 3, 4, 12, 5, 13, 4, 11, 13, 8, 2, 9, 3, 8, 13, 6, 9, 12, 4, 14, 6, 9, 1, 10, 8, 3, 10, 2, 7, 4, 11, 7, 11, 11, 4, 5, 8, 7, 4, 6, 13, 13, 9, 10, 8, 2, 5, 9, 5, 14, 14, 1, 8, 3, 10, 13, 1, 9, 11, 2, 1, 3, 14, 7, 14]);
----------
%%  runtime:       0.024 (24.484 ms)
%%  solvetime:     0.010 (10.319 ms)
%%  solutions:     1
%%  variables:     80
%%  propagators:   1534
%%  propagations:  23688
%%  nodes:         252
%%  failures:      112
%%  restarts:      0
%%  peak depth:    33
