v = array1d(1..80 ,[13, 2, 2, 13, 1, 4, 12, 9, 10, 9, 9, 9, 5, 7, 13, 8, 4, 11, 6, 6, 10, 12, 2, 4, 9, 2, 12, 3, 4, 7, 11, 6, 12, 5, 8, 7, 7, 1, 8, 6, 4, 2, 2, 11, 5, 13, 10, 5, 10, 12, 8, 3, 9, 6, 10, 7, 2, 3, 5, 9, 4, 6, 8, 11, 13, 13, 1, 11, 3, 10, 12, 1, 7, 11, 2, 1, 5, 13, 3, 12]);
----------
%%  runtime:       1:05.073 (65073.290 ms)
%%  solvetime:     1:05.058 (65058.222 ms)
%%  solutions:     1
%%  variables:     80
%%  propagators:   1534
%%  propagations:  1428887200
%%  nodes:         14110132
%%  failures:      7124094
%%  restarts:      0
%%  peak depth:    44
