v = array1d(1..80 ,[7, 13, 2, 11, 1, 5, 11, 6, 8, 3, 8, 10, 3, 12, 13, 9, 6, 5, 12, 4, 8, 5, 13, 11, 9, 13, 10, 4, 6, 11, 8, 2, 7, 5, 3, 6, 10, 1, 4, 9, 3, 2, 6, 7, 4, 12, 12, 13, 5, 5, 7, 9, 7, 5, 2, 11, 13, 10, 4, 10, 6, 7, 2, 7, 13, 8, 1, 9, 3, 11, 12, 1, 10, 3, 13, 1, 3, 8, 9, 2]);
----------
%%  runtime:       1:08.091 (68091.332 ms)
%%  solvetime:     1:08.077 (68077.078 ms)
%%  solutions:     1
%%  variables:     80
%%  propagators:   1534
%%  propagations:  1203817349
%%  nodes:         11971984
%%  failures:      6046363
%%  restarts:      0
%%  peak depth:    44
