v = array1d(1..80 ,[10, 13, 2, 14, 1, 4, 10, 2, 11, 2, 7, 7, 3, 14, 6, 13, 3, 4, 11, 5, 12, 4, 5, 12, 8, 16, 9, 3, 8, 12, 6, 9, 13, 4, 14, 6, 9, 1, 5, 8, 3, 13, 2, 7, 5, 10, 15, 10, 4, 4, 5, 8, 7, 15, 6, 12, 12, 9, 4, 8, 2, 5, 9, 7, 13, 14, 1, 8, 3, 10, 12, 1, 9, 11, 15, 1, 3, 10, 7, 14]);
----------
%%  runtime:       0.016 (16.296 ms)
%%  solvetime:     0.002 (2.031 ms)
%%  solutions:     1
%%  variables:     80
%%  propagators:   1537
%%  propagations:  1910
%%  nodes:         69
%%  failures:      0
%%  restarts:      0
%%  peak depth:    68
