2 13.011 0
3 23.387 0
4 14.702 0
5 15.581 0
6 16.400 0
7 19.559 0
8 30.445 0
9 103.344 0
10 447.193 0
11 7296.919 0
12 250639.167 0
13 118791.370 1
14 24.484 1
15 25.933 1
16 16.296 1
17 16.108 1
18 15.820 1
19 16.446 1
20 16.645 1
21 16.750 1
22 16.457 1
23 16.564 1
24 17.006 1
25 16.661 1
26 17.282 1
27 17.135 1
28 17.617 1
29 17.229 1
30 17.552 1
31 27.931 1
32 17.980 1
33 9.626 1
34 17.459 1
35 18.150 1
36 18.217 1
37 18.144 1
38 18.617 1
39 18.897 1
40 18.342 1
41 18.858 1
42 18.384 1
43 18.584 1
44 19.281 1
45 19.171 1
46 19.678 1
47 19.596 1
48 19.818 1
49 19.396 1
50 20.126 1
51 19.758 1
52 19.964 1
53 19.895 1
54 20.720 1
55 20.587 1
56 20.995 1
57 20.483 1
58 21.209 1
59 20.226 1
60 21.722 1
61 21.903 1
62 21.890 1
63 22.240 1
64 22.408 1
65 22.104 1
66 22.895 1
67 22.426 1
68 22.909 1
69 22.885 1
70 22.633 1
71 23.638 1
72 32.402 1
73 23.139 1
74 23.115 1
75 23.799 1
76 23.446 1
77 24.108 1
78 24.567 1
79 13.319 1
80 25.464 1
