v = array1d(1..80 ,[8, 13, 2, 5, 1, 4, 9, 6, 9, 2, 2, 5, 3, 9, 13, 11, 6, 4, 7, 5, 12, 4, 13, 5, 2, 13, 12, 3, 6, 11, 6, 2, 8, 4, 11, 6, 11, 1, 11, 12, 3, 13, 7, 8, 4, 7, 7, 7, 3, 4, 8, 10, 8, 5, 9, 5, 13, 10, 4, 10, 6, 8, 12, 8, 13, 5, 1, 10, 3, 9, 7, 1, 10, 10, 13, 1, 3, 9, 2, 2]);
----------
%%  runtime:       39.040 (39040.280 ms)
%%  solvetime:     39.027 (39027.151 ms)
%%  solutions:     1
%%  variables:     80
%%  propagators:   1534
%%  propagations:  363460805
%%  nodes:         3595636
%%  failures:      1817839
%%  restarts:      0
%%  peak depth:    40
