v = array1d(1..80 ,[7, 12, 2, 6, 1, 5, 8, 2, 8, 11, 2, 6, 3, 8, 12, 9, 4, 3, 11, 6, 2, 5, 12, 6, 9, 12, 3, 3, 4, 10, 2, 10, 7, 5, 13, 4, 10, 1, 10, 9, 4, 12, 4, 7, 5, 11, 13, 12, 3, 5, 7, 9, 7, 6, 8, 6, 12, 10, 5, 10, 4, 7, 13, 7, 12, 6, 1, 9, 3, 8, 11, 1, 13, 11, 12, 1, 13, 8, 9, 13]);
----------
%%  runtime:       38.170 (38170.591 ms)
%%  solvetime:     38.156 (38156.652 ms)
%%  solutions:     1
%%  variables:     80
%%  propagators:   1534
%%  propagations:  1000417811
%%  nodes:         9959304
%%  failures:      5027055
%%  restarts:      0
%%  peak depth:    42
