v = array1d(1..80 ,[4, 7, 2, 8, 1, 11, 12, 6, 13, 10, 8, 4, 3, 13, 4, 4, 3, 4, 13, 5, 1, 12, 5, 7, 9, 11, 12, 3, 6, 13, 6, 2, 10, 4, 11, 6, 8, 7, 5, 10, 3, 2, 7, 10, 5, 4, 13, 11, 13, 6, 5, 9, 10, 8, 2, 12, 7, 9, 12, 9, 6, 5, 2, 7, 11, 8, 1, 9, 3, 13, 12, 1, 4, 9, 8, 1, 3, 11, 10, 2]);
----------
%%  runtime:       28.291 (28291.176 ms)
%%  solvetime:     28.276 (28276.389 ms)
%%  solutions:     1
%%  variables:     80
%%  propagators:   1534
%%  propagations:  464688383
%%  nodes:         4678628
%%  failures:      2362453
%%  restarts:      0
%%  peak depth:    41
