v = array1d(1..80 ,[10, 12, 2, 13, 1, 4, 10, 2, 11, 2, 7, 7, 3, 14, 6, 13, 3, 4, 11, 5, 12, 4, 5, 12, 8, 14, 9, 3, 8, 14, 6, 9, 13, 4, 14, 6, 9, 1, 5, 8, 3, 13, 2, 7, 4, 10, 14, 10, 11, 4, 5, 8, 7, 15, 6, 12, 12, 9, 4, 8, 2, 5, 9, 7, 12, 15, 1, 8, 3, 10, 16, 1, 9, 11, 15, 1, 3, 10, 7, 16]);
----------
%%  runtime:       0.013 (13.319 ms)
%%  solvetime:     0.005 (5.007 ms)
%%  solutions:     1
%%  variables:     80
%%  propagators:   1600
%%  propagations:  6862
%%  nodes:         73
%%  failures:      0
%%  restarts:      0
%%  peak depth:    72
