v = array1d(1..80 ,[12, 2, 2, 13, 1, 4, 12, 6, 10, 7, 7, 7, 3, 14, 12, 13, 3, 4, 11, 5, 10, 4, 5, 10, 8, 2, 9, 3, 8, 10, 6, 9, 13, 4, 14, 6, 9, 1, 5, 8, 3, 13, 2, 7, 5, 12, 9, 11, 4, 4, 5, 8, 7, 9, 6, 14, 10, 11, 4, 8, 2, 5, 14, 7, 13, 14, 1, 8, 3, 10, 11, 1, 12, 11, 2, 1, 3, 12, 7, 14]);
----------
%%  runtime:       0.030 (30.842 ms)
%%  solvetime:     0.016 (16.729 ms)
%%  solutions:     1
%%  variables:     80
%%  propagators:   1534
%%  propagations:  12591
%%  nodes:         170
%%  failures:      48
%%  restarts:      0
%%  peak depth:    46
