v = array1d(1..80 ,[11, 2, 2, 8, 1, 4, 12, 8, 12, 7, 7, 7, 3, 14, 6, 10, 3, 4, 10, 5, 13, 4, 5, 13, 10, 2, 9, 3, 8, 13, 6, 9, 12, 4, 14, 6, 9, 1, 5, 10, 3, 12, 2, 7, 5, 11, 7, 11, 4, 4, 5, 10, 7, 4, 6, 13, 13, 9, 12, 9, 2, 5, 14, 14, 8, 14, 1, 8, 3, 11, 13, 1, 9, 8, 2, 1, 3, 11, 7, 14]);
----------
%%  runtime:       0.032 (32.961 ms)
%%  solvetime:     0.019 (19.098 ms)
%%  solutions:     1
%%  variables:     80
%%  propagators:   1534
%%  propagations:  38601
%%  nodes:         453
%%  failures:      160
%%  restarts:      0
%%  peak depth:    38
