v = array1d(1..80 ,[11, 13, 2, 11, 1, 5, 12, 2, 12, 8, 8, 8, 3, 10, 13, 7, 4, 3, 6, 6, 2, 5, 13, 12, 8, 13, 3, 3, 4, 10, 2, 6, 12, 5, 7, 4, 10, 1, 7, 6, 4, 13, 4, 13, 5, 11, 8, 13, 3, 5, 7, 9, 8, 6, 2, 10, 10, 9, 5, 9, 4, 6, 7, 12, 13, 11, 1, 9, 3, 11, 10, 1, 9, 9, 13, 1, 12, 11, 8, 12]);
----------
%%  runtime:       11.618 (11618.722 ms)
%%  solvetime:     11.605 (11605.033 ms)
%%  solutions:     1
%%  variables:     80
%%  propagators:   1534
%%  propagations:  358370923
%%  nodes:         3688730
%%  failures:      1865649
%%  restarts:      0
%%  peak depth:    41
