v = array1d(1..80 ,[9, 15, 2, 9, 1, 4, 10, 2, 12, 2, 7, 7, 3, 15, 6, 13, 3, 4, 11, 5, 12, 4, 5, 14, 8, 15, 9, 3, 8, 12, 6, 11, 9, 4, 14, 6, 9, 1, 5, 8, 3, 13, 2, 7, 5, 10, 12, 10, 4, 4, 5, 8, 7, 9, 6, 14, 12, 11, 4, 8, 2, 5, 13, 7, 14, 14, 1, 8, 3, 10, 13, 1, 11, 11, 15, 1, 3, 10, 7, 14]);
----------
%%  runtime:       0.025 (25.933 ms)
%%  solvetime:     0.002 (2.325 ms)
%%  solutions:     1
%%  variables:     80
%%  propagators:   1536
%%  propagations:  1922
%%  nodes:         58
%%  failures:      1
%%  restarts:      0
%%  peak depth:    56
