v = array1d(1..80 ,[10, 12, 2, 13, 1, 4, 10, 2, 11, 2, 7, 7, 3, 14, 12, 13, 6, 4, 11, 5, 12, 4, 5, 12, 8, 14, 9, 3, 8, 14, 6, 9, 13, 4, 14, 6, 9, 1, 5, 8, 3, 13, 2, 7, 4, 10, 14, 10, 3, 4, 5, 8, 7, 15, 6, 12, 12, 9, 4, 8, 2, 5, 9, 7, 12, 15, 1, 8, 3, 10, 16, 1, 9, 11, 15, 1, 3, 10, 7, 16]);
chi = 16;
----------
v = array1d(1..80 ,[10, 12, 2, 9, 1, 4, 10, 2, 13, 2, 7, 7, 3, 15, 6, 12, 12, 4, 11, 5, 13, 4, 5, 12, 8, 14, 9, 3, 8, 13, 6, 11, 9, 4, 15, 6, 9, 1, 5, 8, 3, 14, 2, 7, 4, 10, 13, 10, 3, 4, 5, 8, 7, 9, 6, 15, 13, 11, 4, 8, 2, 5, 14, 7, 12, 15, 1, 8, 3, 10, 14, 1, 11, 11, 9, 1, 3, 10, 7, 15]);
chi = 15;
----------
v = array1d(1..80 ,[12, 2, 2, 13, 1, 4, 12, 6, 10, 7, 7, 7, 3, 14, 12, 13, 3, 4, 11, 5, 10, 4, 5, 10, 8, 2, 9, 3, 8, 10, 6, 9, 13, 4, 14, 6, 9, 1, 5, 8, 3, 13, 2, 7, 5, 12, 9, 11, 4, 4, 5, 8, 7, 9, 6, 14, 10, 11, 4, 8, 2, 5, 14, 7, 13, 14, 1, 8, 3, 10, 11, 1, 12, 11, 2, 1, 3, 12, 7, 14]);
chi = 14;
----------
v = array1d(1..80 ,[4, 7, 2, 8, 1, 11, 12, 6, 13, 10, 8, 4, 3, 13, 4, 4, 3, 4, 13, 5, 1, 12, 5, 7, 9, 11, 12, 3, 6, 13, 6, 2, 10, 4, 11, 6, 8, 7, 5, 10, 3, 2, 7, 10, 5, 4, 13, 11, 13, 6, 5, 9, 10, 8, 2, 12, 7, 9, 12, 9, 6, 5, 2, 7, 11, 8, 1, 9, 3, 13, 12, 1, 4, 9, 8, 1, 3, 11, 10, 2]);
chi = 13;
----------
==========
%%  runtime:       24.415 (24415.674 ms)
%%  solvetime:     24.399 (24399.797 ms)
%%  solutions:     4
%%  variables:     81
%%  propagators:   1601
%%  propagations:  614132
%%  nodes:         5979
%%  failures:      3036
%%  restarts:      0
%%  peak depth:    25
