v = array1d(1..80 ,[10, 12, 2, 13, 1, 4, 10, 2, 11, 2, 7, 7, 3, 15, 6, 13, 3, 4, 11, 5, 12, 4, 5, 12, 8, 15, 9, 3, 8, 13, 6, 9, 14, 4, 13, 6, 9, 1, 13, 8, 3, 14, 2, 7, 4, 10, 15, 10, 11, 4, 5, 8, 7, 14, 6, 12, 12, 9, 4, 8, 2, 5, 9, 7, 12, 16, 1, 8, 3, 10, 15, 1, 9, 11, 14, 1, 3, 10, 7, 16]);
chi = 16;
----------
v = array1d(1..80 ,[12, 2, 2, 10, 1, 4, 10, 12, 11, 7, 7, 7, 3, 10, 6, 14, 3, 4, 11, 5, 12, 4, 5, 14, 8, 2, 9, 3, 8, 14, 6, 11, 15, 4, 14, 6, 9, 1, 5, 8, 3, 13, 2, 7, 5, 10, 9, 13, 4, 4, 5, 8, 7, 9, 6, 9, 13, 15, 4, 8, 2, 5, 13, 7, 12, 12, 1, 8, 3, 10, 13, 1, 14, 11, 2, 1, 3, 10, 7, 15]);
chi = 15;
----------
v = array1d(1..80 ,[9, 14, 2, 9, 1, 4, 10, 2, 10, 2, 7, 9, 3, 5, 6, 14, 3, 4, 11, 5, 13, 4, 12, 14, 8, 7, 9, 3, 8, 14, 6, 11, 9, 4, 14, 6, 9, 1, 10, 8, 3, 10, 2, 7, 11, 12, 7, 12, 4, 4, 5, 8, 7, 9, 6, 13, 14, 11, 4, 8, 2, 5, 13, 5, 12, 13, 1, 8, 3, 10, 13, 1, 11, 11, 12, 1, 3, 12, 7, 12]);
chi = 14;
----------
v = array1d(1..80 ,[7, 13, 2, 11, 1, 5, 11, 6, 8, 3, 8, 10, 3, 12, 13, 9, 6, 5, 12, 4, 8, 5, 13, 11, 9, 13, 10, 4, 6, 11, 8, 2, 7, 5, 3, 6, 10, 1, 4, 9, 3, 2, 6, 7, 4, 12, 12, 13, 5, 5, 7, 9, 7, 5, 2, 11, 13, 10, 4, 10, 6, 7, 2, 7, 13, 8, 1, 9, 3, 11, 12, 1, 10, 3, 13, 1, 3, 8, 9, 2]);
chi = 13;
----------
==========
%%  runtime:       1:32.932 (92932.198 ms)
%%  solvetime:     1:32.916 (92916.801 ms)
%%  solutions:     4
%%  variables:     81
%%  propagators:   1601
%%  propagations:  233940
%%  nodes:         1932
%%  failures:      972
%%  restarts:      0
%%  peak depth:    27
