$ mzn-gecode colOpt.mzn g80.dzn -a -s -p32
v = array1d(1..80 ,[10, 14, 2, 13, 1, 4, 13, 2, 11, 2, 7, 7, 3, 15, 6, 12, 3, 4, 10, 5, 14, 4, 5, 14, 8, 15, 9, 3, 8, 14, 6, 9, 13, 4, 12, 6, 9, 1, 5, 8, 3, 13, 2, 7, 4, 10, 15, 10, 10, 4, 5, 12, 7, 13, 6, 14, 14, 9, 4, 8, 2, 5, 9, 7, 12, 16, 1, 8, 3, 10, 16, 1, 9, 11, 15, 1, 3, 12, 7, 16]);
chi = 16;
----------
v = array1d(1..80 ,[10, 14, 2, 15, 1, 4, 10, 2, 11, 2, 7, 7, 3, 13, 6, 12, 3, 4, 11, 5, 14, 4, 5, 14, 8, 13, 9, 3, 8, 12, 6, 9, 15, 4, 12, 6, 9, 1, 5, 8, 3, 15, 2, 11, 5, 10, 13, 10, 4, 4, 5, 12, 13, 7, 6, 13, 13, 9, 4, 8, 2, 5, 9, 7, 14, 14, 1, 8, 3, 10, 13, 1, 9, 11, 14, 1, 3, 10, 7, 15]);
chi = 15;
----------
v = array1d(1..80 ,[9, 14, 2, 9, 1, 4, 10, 2, 10, 2, 7, 9, 3, 5, 6, 14, 3, 4, 11, 5, 13, 4, 12, 14, 8, 7, 9, 3, 8, 14, 6, 11, 9, 4, 14, 6, 9, 1, 10, 8, 3, 10, 2, 7, 11, 12, 7, 12, 4, 4, 5, 8, 7, 9, 6, 13, 14, 11, 4, 8, 2, 5, 13, 5, 12, 13, 1, 8, 3, 10, 13, 1, 11, 11, 12, 1, 3, 12, 7, 12]);
chi = 14;
----------
v = array1d(1..80 ,[4, 7, 2, 8, 1, 11, 12, 6, 13, 10, 8, 4, 3, 13, 4, 4, 3, 4, 13, 5, 1, 12, 5, 7, 9, 11, 12, 3, 6, 13, 6, 2, 10, 4, 11, 6, 8, 7, 5, 10, 3, 2, 7, 10, 5, 4, 13, 11, 13, 6, 5, 9, 10, 8, 2, 12, 7, 9, 12, 9, 6, 5, 2, 7, 11, 8, 1, 9, 3, 13, 12, 1, 4, 9, 8, 1, 3, 11, 10, 2]);
chi = 13;
----------
==========
%%  runtime:       22.783 (22783.639 ms)
%%  solvetime:     22.767 (22767.523 ms)
%%  solutions:     4
%%  variables:     81
%%  propagators:   1601
%%  propagations:  135550
%%  nodes:         1193
%%  failures:      603
%%  restarts:      0
%%  peak depth:    30
