v = array1d(1..80 ,[10, 2, 2, 13, 1, 4, 10, 12, 11, 7, 7, 7, 3, 16, 6, 13, 3, 4, 11, 5, 12, 4, 5, 14, 8, 2, 9, 3, 8, 14, 6, 9, 13, 4, 14, 6, 9, 1, 5, 8, 3, 13, 2, 7, 4, 10, 16, 10, 11, 4, 5, 8, 7, 15, 6, 14, 12, 9, 4, 8, 2, 5, 9, 7, 12, 15, 1, 8, 3, 10, 16, 1, 9, 11, 2, 1, 3, 10, 7, 16]);
chi = 16;
----------
v = array1d(1..80 ,[10, 2, 2, 14, 1, 4, 10, 6, 11, 11, 7, 15, 3, 12, 14, 14, 3, 4, 11, 5, 13, 4, 5, 15, 7, 2, 9, 3, 8, 13, 6, 9, 15, 4, 12, 6, 9, 1, 5, 8, 3, 14, 2, 11, 5, 10, 13, 10, 4, 4, 5, 7, 12, 7, 6, 13, 13, 9, 4, 8, 2, 5, 9, 12, 14, 12, 1, 8, 3, 10, 13, 1, 9, 11, 2, 1, 3, 10, 7, 15]);
chi = 15;
----------
v = array1d(1..80 ,[9, 14, 2, 9, 1, 4, 10, 2, 10, 2, 7, 9, 3, 5, 6, 14, 3, 4, 11, 5, 13, 4, 12, 14, 8, 7, 9, 3, 8, 14, 6, 11, 9, 4, 14, 6, 9, 1, 10, 8, 3, 10, 2, 7, 11, 12, 7, 12, 4, 4, 5, 8, 7, 9, 6, 13, 14, 11, 4, 8, 2, 5, 13, 5, 12, 13, 1, 8, 3, 10, 13, 1, 11, 11, 12, 1, 3, 12, 7, 12]);
chi = 14;
----------
v = array1d(1..80 ,[7, 12, 2, 6, 1, 5, 8, 2, 8, 11, 2, 6, 3, 8, 12, 9, 4, 3, 11, 6, 2, 5, 12, 6, 9, 12, 3, 3, 4, 10, 2, 10, 7, 5, 13, 4, 10, 1, 10, 9, 4, 12, 4, 7, 5, 11, 13, 12, 3, 5, 7, 9, 7, 6, 8, 6, 12, 10, 5, 10, 4, 7, 13, 7, 12, 6, 1, 9, 3, 8, 11, 1, 13, 11, 12, 1, 13, 8, 9, 13]);
chi = 13;
----------
==========
%%  runtime:       1:17.512 (77512.379 ms)
%%  solvetime:     1:17.497 (77497.048 ms)
%%  solutions:     4
%%  variables:     81
%%  propagators:   1601
%%  propagations:  2217562
%%  nodes:         18767
%%  failures:      9448
%%  restarts:      0
%%  peak depth:    26
