0  0  15 0  0  34 28 18 21 0  0  0  27 0  36 29 5  14 4  0  0  0  0  0  0  23 0  0  24 10 26 32 0  12 19 0
23 0  6  0  2  0  0  20 32 0  0  33 0  0  0  0  26 13 22 9  5  21 0  8  17 29 0  0  36 1  15 28 7  35 31 0
0  26 0  0  14 0  27 36 0  7  0  0  0  0  0  0  6  28 0  0  34 0  23 0  3  0  0  0  30 0  16 0  18 9  8  29
0  32 9  28 0  16 0  0  11 0  24 0  0  33 0  0  0  21 0  0  19 10 14 0  0  8  2  0  12 7  0  27 17 0  25 0
0  4  31 17 0  8  23 35 10 16 6  0  0  0  1  0  30 0  29 26 0  0  0  0  9  0  33 0  14 0  0  0  13 36 34 0
5  0  33 0  0  0  0  0  13 2  0  0  0  8  32 0  0  0  15 3  0  7  12 36 34 27 0  19 0  26 0  0  23 0  10 14
20 0  0  8  23 26 0  21 0  1  19 0  0  32 16 2  0  0  0  12 22 0  0  28 0  18 30 10 11 0  6  0  15 0  0  0
35 11 0  0  13 25 36 4  0  15 0  0  28 0  6  0  0  1  31 23 26 0  3  18 0  0  9  29 0  0  0  17 33 0  2  30
0  7  0  4  0  9  5  0  17 0  11 24 31 0  0  30 0  0  0  35 8  29 19 32 23 0  34 20 6  0  0  0  0  1  0  0
18 0  0  0  22 33 29 27 0  26 0  2  0  9  0  11 14 0  0  0  0  17 16 0  35 19 0  0  1  0  0  12 0  0  0  31
3  16 0  36 32 0  0  6  30 10 8  34 5  18 27 22 17 23 0  0  7  0  0  1  0  0  4  0  0  28 0  0  29 24 0  0
21 0  0  31 0  0  33 0  0  14 0  0  0  0  29 26 0  4  0  2  36 0  0  0  32 0  0  27 0  5  13 19 0  18 0  0
34 17 0  0  9  0  2  0  0  20 13 10 0  0  0  18 7  0  0  0  0  0  0  22 6  0  32 0  15 0  19 0  0  0  4  0
24 0  0  7  25 15 1  23 3  0  31 0  26 0  19 14 0  2  21 34 6  0  0  0  20 0  0  8  17 30 33 22 36 0  0  10
11 27 0  33 6  1  0  34 25 22 0  8  36 0  9  0  23 24 0  19 31 3  0  26 21 0  0  0  4  0  29 18 30 15 0  0
0  0  0  14 0  0  0  32 0  0  4  26 0  15 0  0  0  20 9  0  0  0  29 30 0  0  16 0  22 0  0  7  0  0  0  0
32 0  18 0  0  0  0  5  0  0  36 0  0  0  35 21 0  12 0  16 0  20 0  27 0  0  3  0  9  0  1  26 8  2  0  0
36 0  0  0  16 0  7  0  18 0  0  21 0  0  22 0  0  17 35 14 0  24 25 0  29 2  0  0  0  0  31 0  3  0  6  9
30 29 0  12 0  5  0  0  0  0  20 17 0  11 21 0  35 9  28 0  0  18 0  0  1  0  0  34 0  23 0  36 0  0  0  27
0  0  11 13 3  27 0  16 0  24 0  0  17 0  7  0  33 0  5  0  35 6  0  0  0  10 0  0  25 0  0  0  0  30 0  21
0  0  0  0  28 0  0  13 0  5  0  0  10 1  0  0  0  31 11 0  0  0  22 0  19 21 0  0  2  0  0  0  9  0  0  0
0  0  17 25 20 23 0  30 0  0  0  1  13 0  24 16 29 0  7  21 0  27 0  10 14 0  35 9  28 0  11 4  2  0  26 12
9  0  0  34 18 2  25 12 14 0  0  35 0  0  0  6  19 27 8  0  1  16 0  3  0  4  0  7  31 11 17 20 24 0  0  22
0  24 0  0  0  35 0  15 0  6  0  11 12 0  0  0  0  0  0  25 20 0  0  0  33 36 29 0  0  27 0  23 0  0  7  28
0  0  14 0  5  18 24 0  34 0  0  7  0  0  0  23 12 0  10 0  11 8  0  0  0  0  6  0  0  4  0  0  32 0  0  20
0  0  7  3  0  0  22 0  0  13 0  0  21 0  0  5  0  0  17 18 25 12 4  6  2  30 11 35 20 0  0  8  16 0  24 34
25 0  0  0  4  0  0  8  0  0  33 20 0  3  31 0  0  0  0  28 29 0  5  0  16 0  7  0  18 21 22 13 0  0  0  26
0  0  2  0  0  0  0  26 16 31 0  15 7  6  33 1  8  0  0  0  14 0  0  9  28 22 0  5  0  29 12 0  11 0  30 0
29 23 0  15 11 0  0  0  27 25 0  0  22 16 0  20 4  35 26 0  0  36 0  7  0  0  13 0  34 24 21 2  0  0  33 6
0  0  0  22 0  32 0  10 4  29 5  0  25 0  0  27 9  0  0  0  23 35 30 0  0  17 26 0  33 0  36 15 28 0  0  7
16 15 0  2  0  0  35 0  6  0  26 13 9  24 20 0  27 11 0  0  0  1  31 0  0  0  21 3  0  0  0  0  0  5  0  17
0  1  34 30 0  0  0  33 0  9  0  16 0  0  0  0  21 6  0  15 0  22 0  0  0  12 10 14 5  31 2  0  27 26 18 0
0  18 0  5  24 0  20 1  0  17 23 0  0  34 8  33 0  0  30 0  0  0  13 0  0  25 0  22 0  0  10 0  31 28 11 0
6  21 25 32 0  20 0  28 0  0  0  3  0  17 0  31 0  0  23 5  0  0  0  0  0  0  1  0  7  8  0  24 0  0  16 0
0  9  13 29 10 28 11 22 0  0  25 4  16 0  14 12 1  7  3  36 0  0  0  0  30 0  0  15 27 0  0  34 0  6  0  33
0  31 22 0  8  3  15 7  0  0  18 0  0  0  0  0  0  19 34 6  17 11 0  12 0  0  0  23 29 36 35 0  0  32 0  0

// http://www.menneske.no/sudoku/6/eng/showpuzzle.html?number=230
